99 30 11.9777
98 29 12.6093
97 29 12.6095
96 29 12.5789
95 29 12.4925
94 29 12.3248
93 29 12.0622
92 29 11.7772
91 29 11.5826
90 29 11.5913
89 29 11.9162
88 29 12.6619
87 30 13.8548
86 31 14.8418
85 32 15.2489
84 33 15.3694
83 34 15.6384
82 35 16.2793
81 36 17.2551
80 37 18.4058
79 38 19.7382
78 39 21.5586
77 40 24.1069
76 41 27.0005
75 42 29.5946
74 43 31.3428
73 44 32.2613
72 44 32.8833
71 45 33.5799
70 45 34.2488
69 45 35.0136
68 45 35.926
67 45 37.0282
66 45 38.278
65 45 39.5872
64 45 40.8641
63 45 42.016
62 45 42.9534
61 45 43.6488
60 45 44.1331
59 45 44.4392
58 45 44.6001
57 45 44.6492
56 45 44.64
55 45 44.6586
54 45 44.7944
53 45 45.1368
52 45 45.775
51 45 46.7543
50 45 47.9916
49 45 49.3806
48 45 50.8146
47 45 52.1874
46 45 53.4069
45 45 54.4611
44 45 55.3655
43 45 56.1355
42 45 56.7863
41 45 57.3355
40 45 57.8243
39 45 58.3081
38 45 58.8429
37 45 59.4843
36 45 60.2864
35 45 61.2538
34 45 62.3385
33 45 63.4898
32 46 62.5291
31 46 63.568
30 46 64.3771
29 46 64.9008
28 46 65.0858
27 46 64.879
26 46 64.2273
25 46 63.1378
24 45 64.14
23 44 63.9913
22 43 63.1876
21 42 62.529
20 41 62.6555
19 41 62.1329
18 41 62.0298
17 41 62.1004
16 41 62.0985
15 41 61.7932
14 41 61.1508
13 40 59.2624
12 39 57.225
11 38 54.9445
11 37 53.9059
11 36 52.7157
11 35 51.3597
11 34 49.9271
11 33 48.5118
11 32 47.2081
10 31 44.9032
9 30 43.1588
8 29 41.4898
7 28 39.3425
7 27 37.7786
7 26 36.2967
6 25 33.5363
6 24 32.5073
6 23 31.6117
6 22 30.7321
6 21 29.7509
6 20 28.5756
6 19 27.2768
6 18 25.9897
6 17 24.8499
6 16 23.9927
6 15 23.5392
6 14 23.4188
6 13 23.4255
5 12 21.6032
4 11 19.5639
4 10 19.1965
4 9 18.3717
4 8 17.3591
4 7 16.4458
3 6 15.8798
3 5 16.0155
2 4 16.377
1 3 15.9372
1 2 15.37
1 1 14.8968
0 0 14.0578
